function s = hrp2DP()
%
% HRP2 dynamic parameters
%

j = 1;  % BODY.wrl
s(j).m = 15.02949000;
s(j).c = [-0.01435142, 0.00000012, 0.22307695]';
s(j).I = [ 0.16102617, -0.00000026,  0.00070696;
	   -0.00000027,  0.09528000, -0.00000019;
	   0.00070696, -0.00000020,  0.19191383];

j = 2;  % RLEG_LINK0.wrl
s(j).m = 1.23548000;
s(j).c = [-0.01070336,  0.00460716,  0.06744546]';
s(j).I = [ 0.00304689, -0.00001558, -0.00055077;
	   -0.00001558,  0.00375305,  0.00002250;
	   -0.00055077,  0.00002250,  0.00153874];

j = 3;  % RLEG_LINK1.wrl
s(j).m = 0.80553000;
s(j).c = [-0.00039826, -0.02612872, -0.00292156]';
s(j).I = [ 0.00126683,  0.00001211,  0.00000164;
	   0.00001211,  0.00050656,  0.00006938;
	   0.00000164,  0.00006938,  0.00132021];

j = 4;  % RLEG_LINK2.wrl
s(j).m = 2.07632000;
s(j).c = [ 0.00345946, -0.07794217, -0.15168400]';
s(j).I = [ 0.02619757, -0.00003954,  0.00057351;
	   -0.00003954,  0.02492350,  0.00067007;
	   0.00057351,  0.00067008,  0.00376439];

j = 5;  % RLEG_LINK3.wrl
s(j).m = 1.74762000;
s(j).c = [ 0.01798781, -0.05791638, -0.13839018]';
s(j).I = [ 0.02232685, -0.00009393, -0.00224776;
	   -0.00009393,  0.02250598, -0.00074527;
	   -0.00224775, -0.00074526,  0.00455443];

j = 6;  % RLEG_LINK4.wrl
s(j).m = 0.65375000;
s(j).c = [ 0.00827083, -0.00133301, -0.00241800]';
s(j).I = [ 0.00027773, -0.00000526,  0.00001354;
	   -0.00000526,  0.00078966, -0.00000359;
	   0.00001354, -0.00000359,  0.00086039];

j = 7;  % RLEG_LINK5.wrl
s(j).m = 1.63877000;
s(j).c = [-0.00066419, -0.00468922, -0.06538130]';
s(j).I = [ 0.00400076,  0.00009983,  0.00079295;
	   0.00009983,  0.00687611, -0.00018541;
	   0.00079295, -0.00018541,  0.00711516];

j = 8;  % LLEG_LINK0.wrl
s(j).m = 1.23548000;
s(j).c = [-0.01070336, -0.00460716,  0.06744546]';
s(j).I = [ 0.00304689,  0.00001558, -0.00055077;
	   0.00001558,  0.00375305, -0.00002250;
	   -0.00055077, -0.00002250,  0.00153874];

j = 9;  % LLEG_LINK1.wrl
s(j).m = 0.80553000;
s(j).c = [-0.00039826,  0.02612872, -0.00292156]';
s(j).I = [ 0.00126683, -0.00001211,  0.00000164;
	   -0.00001211,  0.00050656, -0.00006938;
	   0.00000164, -0.00006938,  0.00132021];

j = 10; % LLEG_LINK2.wrl
s(j).m = 2.07632000;
s(j).c = [ 0.00345946,  0.07794217, -0.15168400]';
s(j).I = [ 0.02619757,  0.00003954,  0.00057351;
	   0.00003954,  0.02492350, -0.00067007;
	   0.00057351, -0.00067008,  0.00376439];

j = 11; % LLEG_LINK3.wrl
s(j).m = 1.74762000;
s(j).c = [ 0.01798781,  0.05791638, -0.13839018]';
s(j).I = [ 0.02232685,  0.00009393, -0.00224776;
	   0.00009393,  0.02250598,  0.00074527;
	   -0.00224775,  0.00074526,  0.00455443];

j = 12; % LLEG_LINK4.wrl
s(j).m = 0.65375000;
s(j).c = [ 0.00827083,  0.00133301, -0.00241800]';
s(j).I = [ 0.00027773,  0.00000526,  0.00001354;
	   0.00000526,  0.00078966,  0.00000359;
	   0.00001354,  0.00000359,  0.00086039];

j = 13; % LLEG_LINK5.wrl
s(j).m = 1.63877000;
s(j).c = [-0.00066419,  0.00468922, -0.06538130]';
s(j).I = [ 0.00400076, -0.00009983,  0.00079295;
	   -0.00009983,  0.00687611,  0.00018541;
	   0.00079295,  0.00018541,  0.00711516];

j = 14; % CHEST_LINK0.wrl
s(j).m = 0.78636922;
s(j).c = [-0.01580159,  0.00529544, -0.02519634]';
s(j).I = [ 0.00181617, -0.00007322, -0.00027731;
	   -0.00007322,  0.00185079, -0.00010749;
	   -0.00027731, -0.00010749,  0.00233207];

j = 15; % CHEST_LINK1.wrl
s(j).m = 11.52457000;
s(j).c = [-0.02904963,  0.00716411,  0.12102458]';
s(j).I = [ 0.16047572, -0.00135932, -0.00414493;
	   -0.00135933,  0.13684576,  0.00388035;
	   -0.00414493,  0.00388038,  0.18166852];

j = 16; % HEAD_LINK0.wrl
s(j).m = 0.37476648;
s(j).c = [-0.00087533,  0.00426199, -0.00802747]';
s(j).I = [ 0.00039945, -0.00000099,  0.00000226;
	   -0.00000099,  0.00022558, -0.00001181;
	   0.00000226, -0.00001181,  0.00036246];

j = 17; % HEAD_LINK1.wrl
s(j).m = 0.99335475;
s(j).c = [ 0.01298846,  0.00008605,  0.07876058]';
s(j).I = [ 0.00539717, -0.00002165,  0.00069330;
	   -0.00002165,  0.00457493, -0.00006372;
	   0.00069330, -0.00006372,  0.00590682];

j = 18; % RARM_LINK0.wrl
s(j).m = 0.81007573;
s(j).c = [-0.00989448,  0.04645260, -0.00015316]';
s(j).I = [ 0.00221115, -0.00030424,  0.00000147;
	   -0.00030424,  0.00184189,  0.00004667;
	   0.00000147,  0.00004667,  0.00344772];

j = 19; % RARM_LINK1.wrl
s(j).m = 1.03448000;
s(j).c = [-0.01056459, -0.01204295, -0.00948156]';
s(j).I = [ 0.00122098,  0.00028119,  0.00009407;
	   0.00028119,  0.00172216,  0.00012041;
	   0.00009407,  0.00012041,  0.00161319];

j = 20; % RARM_LINK2.wrl
s(j).m = 1.59929000;
s(j).c = [-0.00543072, -0.00479797, -0.16687163]';
s(j).I = [ 0.00973049, -0.00005133, -0.00019919;
	   -0.00005133,  0.00970372,  0.00013747;
	   -0.00019918,  0.00013748,  0.00135331];

j = 21; % RARM_LINK3.wrl
s(j).m = 0.77724995;
s(j).c = [-0.00000927, -0.01616837, -0.06270155]';
s(j).I = [ 0.00232668,  0.00000007, -0.00000031;
	   0.00000007,  0.00212476,  0.00015097;
	   -0.00000031,  0.00015097,  0.00056363];

j = 22; % RARM_LINK4.wrl
s(j).m = 0.55466858;
s(j).c = [-0.00344863, -0.00361759,  0.04149589]';
s(j).I = [ 0.00132104,  0.00001646,  0.00004660;
	   0.00001646,  0.00119920, -0.00011959;
	   0.00004660, -0.00011959,  0.00031715];

j = 23; % RARM_LINK5.wrl
s(j).m = 0.9251090000;
s(j).c = [0.0021883543, -0.0036729815, -0.0831177258]';
s(j).I = [ 0.0024509049,  0.0000157985,  0.0000746437;
	   0.0000157985,  0.0025459124, -0.0002507100;
	   0.0000746437, -0.0002507100,  0.0007468447];

j = 24; % RARM_LINK6.wrl
s(j).m = 0.2213570000;
s(j).c = [0.0095593995, -0.0032470760, -0.0415116757]';
s(j).I = [ 0.0002920025, -0.0000063618,  0.0000130686;
	   -0.0000063618,  0.0003373833, -0.0000186237;
	   0.0000130686, -0.0000186237,  0.0000842921];

j = 25; % LARM_LINK0.wrl
s(j).m = 0.81007573;
s(j).c = [-0.00989448, -0.04645260, -0.00015316]';
s(j).I = [ 0.00221115,  0.00030424,  0.00000147;
	   0.00030424,  0.00184189, -0.00004667;
	   0.00000147, -0.00004667,  0.00344772];

j = 26; % LARM_LINK1.wrl
s(j).m = 1.03448000;
s(j).c = [-0.01056459,  0.01204295, -0.00948156]';
s(j).I = [ 0.00122098, -0.00028119,  0.00009407;
	   -0.00028119,  0.00172216, -0.00012041;
	   0.00009407, -0.00012041,  0.00161319];

j = 27; % LARM_LINK2.wrl
s(j).m = 1.59929000;
s(j).c = [-0.00543072,  0.00479797, -0.16687163]';
s(j).I = [ 0.00973049,  0.00005133, -0.00019919;
	   0.00005133,  0.00970372, -0.00013747;
	   -0.00019918, -0.00013748,  0.00135331];

j = 28; % LARM_LINK3.wrl
s(j).m = 0.77724995;
s(j).c = [-0.00000927,  0.01616837, -0.06270155]';
s(j).I = [ 0.00232668, -0.00000007, -0.00000031;
	   -0.00000007,  0.00212476, -0.00015097;
	   -0.00000031, -0.00015097,  0.00056363];

j = 29; % LARM_LINK4.wrl
s(j).m = 0.55466858;
s(j).c = [ 0.00247694,  0.00361759,  0.04149589]';
s(j).I = [ 0.00132103,  0.00000930, -0.00003617;
	   0.00000930,  0.00119868,  0.00011959;
	   -0.00003617,  0.00011959,  0.00031664];

j = 30; % LARM_LINK5.wrl
s(j).m = 0.9251090000;
s(j).c = [0.0021883543, 0.0036729815, -0.0831177258]';
s(j).I = [ 0.0024509049, -0.0000157985, 0.0000746437;
	   -0.0000157985,  0.0025459124, 0.0002507100;
	   0.0000746437,  0.0002507100, 0.0007468447];

j = 31; % LARM_LINK6.wrl
s(j).m = 0.2213570000;
s(j).c = [0.0095593995, 0.0032470760, -0.0415116757]';
s(j).I = [ 0.0002920025,  0.0000063618, 0.0000130686;
	   0.0000063618,  0.0003373833, 0.0000186237;
	   0.0000130686,  0.0000186237, 0.0000842921];

%%%EOF